-9.2242951091956513 0.9204244132900586 
-9.0355473509936122 0.8041799286811623 
-8.8180197693982034 0.7131047113168691 
-8.5754241396546043 0.6443336845692160 
-8.3119868057167405 0.5943640504432127 
-8.0320205325519911 0.5594731193977727 
-7.7395560211376786 0.5360892417983735 
-7.4380842935161704 0.5210619471180842 
-7.1304273581152815 0.5118100853908780 
-6.8187241840447026 0.5063570602895374 
-6.5044997706609022 0.5032821930154143 
-6.1887791596662893 0.5016243091903924 
-5.8722130081937136 0.5007700077307147 
-5.5551918506107389 0.5003494599262694 
-5.2379375562334767 0.5001517593815364 
-4.9205695269845879 0.5000630336499863 
-4.6031486716878227 0.5000250305999500 
-4.2857044570920131 0.5000094993320553 
-3.9682504088013522 0.5000034442517934 
-3.6507924194883530 0.5000011927455991 
-3.3333329265905500 0.5000003943986594 
-3.0158728875995933 0.5000001244951359 
-2.6984126598011153 0.5000000375062099 
-2.3809523698613173 0.5000000107820449 
-2.0634920604524249 0.5000000029571077 
-1.7460317452370713 0.5000000007736242 
-1.4285714283732716 0.5000000001930290 
-1.1111111110639906 0.5000000000459316 
-0.7936507936401116 0.5000000000104227 
-0.4761904761881848 0.5000000000022716 
-0.1587301587297776 0.5000000000005572 
0.1587301587297738 0.5000000000005566 
0.4761904761881832 0.5000000000022710 
0.7936507936401105 0.5000000000104234 
1.1111111110639897 0.5000000000459301 
1.4285714283732700 0.5000000001930284 
1.7460317452370699 0.5000000007736242 
2.0634920604524227 0.5000000029571090 
2.3809523698613173 0.5000000107820443 
2.6984126598011140 0.5000000375062106 
3.0158728875995919 0.5000001244951345 
3.3333329265905500 0.5000003943986608 
3.6507924194883503 0.5000011927455970 
3.9682504088013508 0.5000034442517934 
4.2857044570920122 0.5000094993320553 
4.6031486716878245 0.5000250305999507 
4.9205695269845888 0.5000630336499848 
5.2379375562334749 0.5001517593815358 
5.5551918506107381 0.5003494599262694 
5.8722130081937109 0.5007700077307168 
6.1887791596662902 0.5016243091903924 
6.5044997706609013 0.5032821930154143 
6.8187241840447035 0.5063570602895353 
7.1304273581152771 0.5118100853908780 
7.4380842935161686 0.5210619471180827 
7.7395560211376777 0.5360892417983749 
8.0320205325519929 0.5594731193977720 
8.3119868057167370 0.5943640504432134 
8.5754241396546043 0.6443336845692154 
8.8180197693982016 0.7131047113168678 
9.0355473509936086 0.8041799286811608 
9.2242951091956478 0.9204244132900562 
9.3814766564821301 1.0636784168863180 
9.5055405463095912 1.2344829930527115 
9.5963117283239505 1.4319808578382527 
9.6549356968805089 1.6540158475491453 
9.6836426776503277 1.8974076101201094 
9.6853895458069594 2.1583390260882256 
9.6634588601708060 2.4327743549089105 
9.6210925179546241 2.7168304816244224 
9.5612159246209814 3.0070473696840589 
9.4862771595598723 3.3005365141042167 
9.3981956213255913 3.5950164840267402 
9.2983941837182353 3.8887645935512283 
9.1878808879743321 4.1805207927225325 
9.0673487919912574 4.4693762373469657 
8.9372713515783495 4.7546693855577526 
8.7979809815961154 5.0359016414863982 
8.6497269983142520 5.3126757565760023 
8.4927146076660307 5.5846547012828447 
8.3271290885954166 5.8515363266990548 
8.1531496985007337 6.1130388944172394 
7.9709570970061376 6.3688934148078173 
7.7807370094238566 6.6188399113747280 
7.5826818666410229 6.8626257836632698 
7.3769914283718512 7.1000052141643151 
7.1638729264858290 7.3307390591757056 
6.9435409934351240 7.5545949478815517 
6.7162174976910567 7.7713474631117156 
6.4821313386747157 7.9807783494159255 
6.2415182224444949 8.1826767264743907 
5.9946204263262697 8.3768392994135539 
5.7416865555542600 8.5630705628966357 
5.4829712931165089 8.7411829978064883 
5.2187351433567821 8.9109972600141312 
4.9492441696806351 9.0723423609509499 
4.6747697266550290 9.2250558397766973 
4.3955881867779292 9.3689839269631126 
4.1119806621948003 9.5039816991266584 
3.8242327216425109 9.6299132249540289 
3.5326341029058592 9.7466517020734749 
3.2374784210761494 9.8540795847340323 
2.9390628729057124 9.9520887021641400 
2.6376879375559503 10.0405803674904170 
2.3336570740403015 10.1194654771070027 
2.0272764156667313 10.1886646003953114 
1.7188544617874530 10.2481080597039522 
1.4087017671662037 10.2977360005082090 
1.0971306292759566 10.3374984516784707 
0.7844547738418097 10.3673553757969277 
0.4709890389457861 10.3872767094718608 
0.1570490580115767 10.3972423936089111 
-0.1570490580115718 10.3972423936089111 
-0.4709890389457848 10.3872767094718590 
-0.7844547738418063 10.3673553757969295 
-1.0971306292759508 10.3374984516784707 
-1.4087017671662008 10.2977360005082090 
-1.7188544617874488 10.2481080597039504 
-2.0272764156667296 10.1886646003953114 
-2.3336570740402980 10.1194654771069992 
-2.6376879375559468 10.0405803674904188 
-2.9390628729057084 9.9520887021641400 
-3.2374784210761476 9.8540795847340323 
-3.5326341029058557 9.7466517020734766 
-3.8242327216425092 9.6299132249540307 
-4.1119806621947950 9.5039816991266601 
-4.3955881867779283 9.3689839269631161 
-4.6747697266550254 9.2250558397766991 
-4.9492441696806360 9.0723423609509535 
-5.2187351433567795 8.9109972600141329 
-5.4829712931165089 8.7411829978064883 
-5.7416865555542564 8.5630705628966393 
-5.9946204263262697 8.3768392994135539 
-6.2415182224444932 8.1826767264743943 
-6.4821313386747157 7.9807783494159263 
-6.7162174976910567 7.7713474631117165 
-6.9435409934351231 7.5545949478815535 
-7.1638729264858263 7.3307390591757082 
-7.3769914283718476 7.1000052141643151 
-7.5826818666410229 6.8626257836632760 
-7.7807370094238566 6.6188399113747272 
-7.9709570970061367 6.3688934148078200 
-8.1531496985007301 6.1130388944172429 
-8.3271290885954112 5.8515363266990557 
-8.4927146076660289 5.5846547012828482 
-8.6497269983142502 5.3126757565760059 
-8.7979809815961154 5.0359016414864008 
-8.9372713515783460 4.7546693855577553 
-9.0673487919912574 4.4693762373469692 
-9.1878808879743321 4.1805207927225343 
-9.2983941837182336 3.8887645935512318 
-9.3981956213255895 3.5950164840267433 
-9.4862771595598741 3.3005365141042180 
-9.5612159246209814 3.0070473696840594 
-9.6210925179546276 2.7168304816244278 
-9.6634588601708060 2.4327743549089114 
-9.6853895458069630 2.1583390260882278 
-9.6836426776503259 1.8974076101201123 
-9.6549356968805125 1.6540158475491467 
-9.5963117283239470 1.4319808578382556 
-9.5055405463095930 1.2344829930527135 
-9.3814766564821266 1.0636784168863200 
