0 -9.224295109195651 -0.5 0 0 1
0 -9.035547350993612 -0.5 0 0 1
0 -8.818019769398203 -0.5 0 0 1
0 -8.575424139654604 -0.5 0 0 1
0 -8.311986805716741 -0.5 0 0 1
0 -8.032020532551991 -0.5 0 0 1
0 -7.739556021137679 -0.5 0 0 1
0 -7.43808429351617 -0.5 0 0 1
0 -7.130427358115281 -0.5 0 0 1
0 -6.818724184044703 -0.5 0 0 1
0 -6.504499770660902 -0.5 0 0 1
0 -6.188779159666289 -0.5 0 0 1
0 -5.872213008193714 -0.5 0 0 1
0 -5.555191850610739 -0.5 0 0 1
0 -5.237937556233477 -0.5 0 0 1
0 -4.920569526984588 -0.5 0 0 1
0 -4.603148671687823 -0.5 0 0 1
0 -4.285704457092013 -0.5 0 0 1
0 -3.968250408801352 -0.5 0 0 1
0 -3.650792419488353 -0.5 0 0 1
0 -3.33333292659055 -0.5 0 0 1
0 -3.015872887599593 -0.5 0 0 1
0 -2.698412659801115 -0.5 0 0 1
0 -2.380952369861317 -0.5 0 0 1
0 -2.063492060452425 -0.5 0 0 1
0 -1.746031745237071 -0.5 0 0 1
0 -1.428571428373272 -0.5 0 0 1
0 -1.111111111063991 -0.5 0 0 1
0 -0.7936507936401116 -0.5 0 0 1
0 -0.4761904761881848 -0.5 0 0 1
0 -0.1587301587297776 -0.5 0 0 1
0 0.1587301587297738 -0.5 0 0 1
0 0.4761904761881832 -0.5 0 0 1
0 0.7936507936401105 -0.5 0 0 1
0 1.11111111106399 -0.5 0 0 1
0 1.42857142837327 -0.5 0 0 1
0 1.74603174523707 -0.5 0 0 1
0 2.063492060452423 -0.5 0 0 1
0 2.380952369861317 -0.5 0 0 1
0 2.698412659801114 -0.5 0 0 1
0 3.015872887599592 -0.5 0 0 1
0 3.33333292659055 -0.5 0 0 1
0 3.65079241948835 -0.5 0 0 1
0 3.968250408801351 -0.5 0 0 1
0 4.285704457092012 -0.5 0 0 1
0 4.603148671687824 -0.5 0 0 1
0 4.920569526984589 -0.5 0 0 1
0 5.237937556233475 -0.5 0 0 1
0 5.555191850610738 -0.5 0 0 1
0 5.872213008193711 -0.5 0 0 1
0 6.18877915966629 -0.5 0 0 1
0 6.504499770660901 -0.5 0 0 1
0 6.818724184044703 -0.5 0 0 1
0 7.130427358115277 -0.5 0 0 1
0 7.438084293516169 -0.5 0 0 1
0 7.739556021137678 -0.5 0 0 1
0 8.032020532551993 -0.5 0 0 1
0 8.311986805716737 -0.5 0 0 1
0 8.575424139654604 -0.5 0 0 1
0 8.818019769398202 -0.5 0 0 1
0 9.035547350993609 -0.5 0 0 1
0 9.224295109195648 -0.5 0 0 1
0 9.38147665648213 -0.5 0 0 1
0 9.505540546309591 -0.5 0 0 1
0 9.596311728323951 -0.5 0 0 1
0 9.654935696880509 -0.5 0 0 1
0 9.683642677650328 -0.5 0 0 1
0 9.685389545806959 -0.5 0 0 1
0 9.663458860170806 -0.5 0 0 1
0 9.621092517954624 -0.5 0 0 1
0 nan nan 0 0 0
0 nan nan 0 0 0
0 nan nan 0 0 0
0 nan nan 0 0 0
0 nan nan 0 0 0
0 nan nan 0 0 0
0 nan nan 0 0 0
0 nan nan 0 0 0
0 nan nan 0 0 0
0 nan nan 0 0 0
0 nan nan 0 0 0
0 nan nan 0 0 0
0 nan nan 0 0 0
0 nan nan 0 0 0
0 nan nan 0 0 0
0 nan nan 0 0 0
0 nan nan 0 0 0
0 nan nan 0 0 0
0 nan nan 0 0 0
0 nan nan 0 0 0
0 nan nan 0 0 0
0 nan nan 0 0 0
0 nan nan 0 0 0
0 nan nan 0 0 0
0 nan nan 0 0 0
0 nan nan 0 0 0
0 nan nan 0 0 0
0 nan nan 0 0 0
0 nan nan 0 0 0
0 nan nan 0 0 0
0 nan nan 0 0 0
0 nan nan 0 0 0
0 nan nan 0 0 0
0 nan nan 0 0 0
0 nan nan 0 0 0
0 nan nan 0 0 0
0 nan nan 0 0 0
0 nan nan 0 0 0
0 nan nan 0 0 0
0 nan nan 0 0 0
0 nan nan 0 0 0
0 nan nan 0 0 0
0 nan nan 0 0 0
0 nan nan 0 0 0
0 nan nan 0 0 0
0 nan nan 0 0 0
0 nan nan 0 0 0
0 nan nan 0 0 0
0 nan nan 0 0 0
0 nan nan 0 0 0
0 nan nan 0 0 0
0 nan nan 0 0 0
0 nan nan 0 0 0
0 nan nan 0 0 0
0 nan nan 0 0 0
0 nan nan 0 0 0
0 nan nan 0 0 0
0 nan nan 0 0 0
0 nan nan 0 0 0
0 nan nan 0 0 0
0 nan nan 0 0 0
0 nan nan 0 0 0
0 nan nan 0 0 0
0 nan nan 0 0 0
0 nan nan 0 0 0
0 nan nan 0 0 0
0 nan nan 0 0 0
0 nan nan 0 0 0
0 nan nan 0 0 0
0 nan nan 0 0 0
0 nan nan 0 0 0
0 nan nan 0 0 0
0 nan nan 0 0 0
0 nan nan 0 0 0
0 nan nan 0 0 0
0 nan nan 0 0 0
0 nan nan 0 0 0
0 nan nan 0 0 0
0 nan nan 0 0 0
0 nan nan 0 0 0
0 nan nan 0 0 0
0 nan nan 0 0 0
0 nan nan 0 0 0
0 nan nan 0 0 0
0 -9.621092517954628 -0.5 0 0 1
0 -9.663458860170806 -0.5 0 0 1
0 -9.685389545806963 -0.5 0 0 1
0 -9.683642677650326 -0.5 0 0 1
0 -9.654935696880512 -0.5 0 0 1
0 -9.596311728323947 -0.5 0 0 1
0 -9.505540546309593 -0.5 0 0 1
0 -9.381476656482127 -0.5 0 0 1
1 -9.224295109195651 -0.5 0 0 0
1 -9.035547350993612 -0.5 0 0 0
1 -8.818019769398203 -0.5 0 0 0
1 -8.575424139654604 -0.5 0 0 0
1 -8.311986805716741 -0.5 0.5313644156703857 0.8385054005863498 1
1 -8.032020532551991 -0.5 0.3858291275671631 0.6334337796151849 1
1 -7.739556021137679 -0.5 0.2751325447127408 0.4794156251858021 1
1 -7.43808429351617 -0.5 0.1947262869491423 0.3710416961174681 1
1 -7.130427358115281 -0.5 0.140346743616903 0.3047485036422821 1
1 -6.818724184044703 -0.5 0.1072487511191922 -0.0168290677277903 1
1 -6.504499770660902 -0.5 0.08440057642149364 -0.1173019312432363 1
1 -6.188779159666289 -0.5 0.06715075362079548 -0.1266186783235312 1
1 -5.872213008193714 -0.5 0.05380774975938525 -0.1274022332695356 1
1 -5.555191850610739 -0.5 0.04333545258303115 -0.1274255830024373 1
1 -5.237937556233477 -0.5 0.03502308590647255 -0.1273947953113376 1
1 -4.920569526984588 -0.5 0.02836827925040438 -0.127369375018644 1
1 -4.603148671687823 -0.5 0.02300695018978816 -0.1273516429945394 1
1 -4.285704457092013 -0.5 0.0186682613833325 -0.1273396053093746 1
1 -3.968250408801352 -0.5 0.01514576149627943 -0.1273315063561271 1
1 -3.650792419488353 -0.5 0.01227879014586311 -0.1273260849172089 1
1 -3.33333292659055 -0.5 0.009940256366508268 -0.1273224683749181 1
1 -3.015872887599593 -0.5 0.008028355958884112 -0.1273200619885826 1
1 -2.698412659801115 -0.5 0.006460748556798563 -0.1273184640388208 1
1 -2.380952369861317 -0.5 0.005170306242521811 -0.1273174048492433 1
1 -2.063492060452425 -0.5 0.004101898632864133 -0.1273167042122654 1
1 -1.746031745237071 -0.5 0.003209886369904519 -0.1273162421793803 1
1 -1.428571428373272 -0.5 0.002456115447720877 -0.1273159392609098 1
1 -1.111111111063991 -0.5 0.001808275140870302 -0.1273157431340412 1
1 -0.7936507936401116 -0.5 0.001238523831520435 -0.1273156198119223 1
1 -0.4761904761881848 -0.5 0.0007223119980537756 -0.1273155478685551 1
1 -0.1587301587297776 -0.5 0.0002373469181579064 -0.1273155147803007 1
1 0.1587301587297738 -0.5 -0.0002373469181579521 -0.1273155147803007 1
1 0.4761904761881832 -0.5 -0.0007223119980538441 -0.1273155478685551 1
1 0.7936507936401105 -0.5 -0.001238523831520527 -0.1273156198119223 1
1 1.11111111106399 -0.5 -0.001808275140870393 -0.1273157431340412 1
1 1.42857142837327 -0.5 -0.002456115447720969 -0.1273159392609098 1
1 1.74603174523707 -0.5 -0.003209886369904519 -0.1273162421793803 1
1 2.063492060452423 -0.5 -0.004101898632864133 -0.1273167042122654 1
1 2.380952369861317 -0.5 -0.005170306242521811 -0.1273174048492433 1
1 2.698412659801114 -0.5 -0.006460748556798563 -0.1273184640388208 1
1 3.015872887599592 -0.5 -0.008028355958884112 -0.1273200619885826 1
1 3.33333292659055 -0.5 -0.009940256366508268 -0.1273224683749181 1
1 3.65079241948835 -0.5 -0.01227879014586311 -0.1273260849172089 1
1 3.968250408801351 -0.5 -0.01514576149627943 -0.1273315063561271 1
1 4.285704457092012 -0.5 -0.0186682613833325 -0.1273396053093746 1
1 4.603148671687824 -0.5 -0.02300695018978816 -0.1273516429945394 1
1 4.920569526984589 -0.5 -0.02836827925040438 -0.127369375018644 1
1 5.237937556233475 -0.5 -0.03502308590647255 -0.1273947953113376 1
1 5.555191850610738 -0.5 -0.04333545258303115 -0.1274255830024373 1
1 5.872213008193711 -0.5 -0.05380774975938525 -0.1274022332695356 1
1 6.18877915966629 -0.5 -0.06715075362079548 -0.1266186783235312 1
1 6.504499770660901 -0.5 -0.08440057642149316 -0.1173019312432365 1
1 6.818724184044703 -0.5 -0.1072487511191922 -0.0168290677277903 1
1 7.130427358115277 -0.5 -0.1403467436169024 0.3047485036422816 1
1 7.438084293516169 -0.5 -0.1947262869491415 0.3710416961174676 1
1 7.739556021137678 -0.5 -0.2751325447127408 0.4794156251858021 1
1 8.032020532551993 -0.5 -0.3858291275671649 0.6334337796151865 1
1 8.311986805716737 -0.5 -0.5313644156703846 0.8385054005863478 1
1 8.575424139654604 -0.5 0 0 0
1 8.818019769398202 -0.5 0 0 0
1 9.035547350993609 -0.5 0 0 0
1 9.224295109195648 -0.5 0 0 0
1 9.38147665648213 -0.5 0 0 0
1 9.505540546309591 -0.5 0 0 0
1 9.596311728323951 -0.5 0 0 0
1 9.654935696880509 -0.5 0 0 0
1 9.683642677650328 -0.5 0 0 0
1 9.685389545806959 -0.5 0 0 0
1 9.663458860170806 -0.5 0 0 0
1 9.621092517954624 -0.5 0 0 0
1 nan nan 0 0 0
1 nan nan 0 0 0
1 nan nan 0 0 0
1 nan nan 0 0 0
1 nan nan 0 0 0
1 nan nan 0 0 0
1 nan nan 0 0 0
1 nan nan 0 0 0
1 nan nan 0 0 0
1 nan nan 0 0 0
1 nan nan 0 0 0
1 nan nan 0 0 0
1 nan nan 0 0 0
1 nan nan 0 0 0
1 nan nan 0 0 0
1 nan nan 0 0 0
1 nan nan 0 0 0
1 nan nan 0 0 0
1 nan nan 0 0 0
1 nan nan 0 0 0
1 nan nan 0 0 0
1 nan nan 0 0 0
1 nan nan 0 0 0
1 nan nan 0 0 0
1 nan nan 0 0 0
1 nan nan 0 0 0
1 nan nan 0 0 0
1 nan nan 0 0 0
1 nan nan 0 0 0
1 nan nan 0 0 0
1 nan nan 0 0 0
1 nan nan 0 0 0
1 nan nan 0 0 0
1 nan nan 0 0 0
1 nan nan 0 0 0
1 nan nan 0 0 0
1 nan nan 0 0 0
1 nan nan 0 0 0
1 nan nan 0 0 0
1 nan nan 0 0 0
1 nan nan 0 0 0
1 nan nan 0 0 0
1 nan nan 0 0 0
1 nan nan 0 0 0
1 nan nan 0 0 0
1 nan nan 0 0 0
1 nan nan 0 0 0
1 nan nan 0 0 0
1 nan nan 0 0 0
1 nan nan 0 0 0
1 nan nan 0 0 0
1 nan nan 0 0 0
1 nan nan 0 0 0
1 nan nan 0 0 0
1 nan nan 0 0 0
1 nan nan 0 0 0
1 nan nan 0 0 0
1 nan nan 0 0 0
1 nan nan 0 0 0
1 nan nan 0 0 0
1 nan nan 0 0 0
1 nan nan 0 0 0
1 nan nan 0 0 0
1 nan nan 0 0 0
1 nan nan 0 0 0
1 nan nan 0 0 0
1 nan nan 0 0 0
1 nan nan 0 0 0
1 nan nan 0 0 0
1 nan nan 0 0 0
1 nan nan 0 0 0
1 nan nan 0 0 0
1 nan nan 0 0 0
1 nan nan 0 0 0
1 nan nan 0 0 0
1 nan nan 0 0 0
1 nan nan 0 0 0
1 nan nan 0 0 0
1 nan nan 0 0 0
1 nan nan 0 0 0
1 nan nan 0 0 0
1 nan nan 0 0 0
1 nan nan 0 0 0
1 nan nan 0 0 0
1 -9.621092517954628 -0.5 0 0 0
1 -9.663458860170806 -0.5 0 0 0
1 -9.685389545806963 -0.5 0 0 0
1 -9.683642677650326 -0.5 0 0 0
1 -9.654935696880512 -0.5 0 0 0
1 -9.596311728323947 -0.5 0 0 0
1 -9.505540546309593 -0.5 0 0 0
1 -9.381476656482127 -0.5 0 0 0
2 -9.224295109195651 -0.5 0 0 0
2 -9.035547350993612 -0.5 0 0 0
2 -8.818019769398203 -0.5 0 0 0
2 -8.575424139654604 -0.5 0 0 0
2 -8.311986805716741 -0.5 0 0 0
2 -8.032020532551991 -0.5 0 0 0
2 -7.739556021137679 -0.5 0.4329124084980365 0.6974889060817472 1
2 -7.43808429351617 -0.5 0.3020482296670381 0.5163536225735142 1
2 -7.130427358115281 -0.5 0.2093262558320407 0.390900203681205 1
2 -6.818724184044703 -0.5 0.1476676085066603 0.3138721579963858 1
2 -6.504499770660902 -0.5 0.1105000500948261 0.03302912947482711 1
2 -6.188779159666289 -0.5 0.08625420194712027 -0.1190360813444226 1
2 -5.872213008193714 -0.5 0.0683439882654588 -0.1330110813138891 1
2 -5.555191850610739 -0.5 0.05466557071589632 -0.1342016742061719 1
2 -5.237937556233477 -0.5 0.04401564797249125 -0.1342584635277898 1
2 -4.920569526984588 -0.5 0.03560003362664665 -0.1342296416711408 1
2 -4.603148671687823 -0.5 0.0288748929955644 -0.134203902216905 1
2 -4.285704457092013 -0.5 0.02345657238672072 -0.1341858368706319 1
2 -3.968250408801352 -0.5 0.01906560791712679 -0.1341735510734797 1
2 -3.650792419488353 -0.5 0.01549201744844827 -0.1341652619791029 1
2 -3.33333292659055 -0.5 0.01257375207589291 -0.1341596918627884 1
2 -3.015872887599593 -0.5 0.01018308251846437 -0.1341559593898675 1
2 -2.698412659801115 -0.5 0.008217706189072888 -0.1341534638150027 1
2 -2.380952369861317 -0.5 0.006594673176698844 -0.134151798477428 1
2 -2.063492060452425 -0.5 0.005246033039486289 -0.1341506895336057 1
2 -1.746031745237071 -0.5 0.004115571531707433 -0.1341499534181647 1
2 -1.428571428373272 -0.5 0.003156268406927623 -0.1341494676905855 1
2 -1.111111111063991 -0.5 0.002328251860879387 -0.1341491512746917 1
2 -0.7936507936401116 -0.5 0.001597104912713818 -0.1341489512220702 1
2 -0.4761904761881848 -0.5 0.0009324237922788877 -0.1341488339968961 1
2 -0.1587301587297776 -0.5 0.0003065541384270291 -0.134148779924921 1
2 0.1587301587297738 -0.5 -0.0003065541384270291 -0.134148779924921 1
2 0.4761904761881832 -0.5 -0.0009324237922789105 -0.1341488339968961 1
2 0.7936507936401105 -0.5 -0.001597104912713818 -0.1341489512220702 1
2 1.11111111106399 -0.5 -0.002328251860879387 -0.1341491512746917 1
2 1.42857142837327 -0.5 -0.003156268406927623 -0.1341494676905855 1
2 1.74603174523707 -0.5 -0.004115571531707433 -0.1341499534181647 1
2 2.063492060452423 -0.5 -0.005246033039486289 -0.1341506895336057 1
2 2.380952369861317 -0.5 -0.006594673176698844 -0.134151798477428 1
2 2.698412659801114 -0.5 -0.008217706189072888 -0.1341534638150027 1
2 3.015872887599592 -0.5 -0.01018308251846437 -0.1341559593898675 1
2 3.33333292659055 -0.5 -0.01257375207589291 -0.1341596918627884 1
2 3.65079241948835 -0.5 -0.01549201744844827 -0.1341652619791029 1
2 3.968250408801351 -0.5 -0.01906560791712661 -0.1341735510734797 1
2 4.285704457092012 -0.5 -0.02345657238672035 -0.1341858368706319 1
2 4.603148671687824 -0.5 -0.02887489299556402 -0.1342039022169051 1
2 4.920569526984589 -0.5 -0.03560003362664628 -0.1342296416711409 1
2 5.237937556233475 -0.5 -0.04401564797249084 -0.1342584635277899 1
2 5.555191850610738 -0.5 -0.05466557071589593 -0.1342016742061705 1
2 5.872213008193711 -0.5 -0.06834398826545837 -0.1330110813138893 1
2 6.18877915966629 -0.5 -0.08625420194712027 -0.1190360813444226 1
2 6.504499770660901 -0.5 -0.1105000500948261 0.0330291294748285 1
2 6.818724184044703 -0.5 -0.1476676085066609 0.3138721579963863 1
2 7.130427358115277 -0.5 -0.2093262558320405 0.3909002036812042 1
2 7.438084293516169 -0.5 -0.3020482296670386 0.516353622573514 1
2 7.739556021137678 -0.5 -0.4329124084980372 0.6974889060817472 1
2 8.032020532551993 -0.5 0 0 0
2 8.311986805716737 -0.5 0 0 0
2 8.575424139654604 -0.5 0 0 0
2 8.818019769398202 -0.5 0 0 0
2 9.035547350993609 -0.5 0 0 0
2 9.224295109195648 -0.5 0 0 0
2 9.38147665648213 -0.5 0 0 0
2 9.505540546309591 -0.5 0 0 0
2 9.596311728323951 -0.5 0 0 0
2 9.654935696880509 -0.5 0 0 0
2 9.683642677650328 -0.5 0 0 0
2 9.685389545806959 -0.5 0 0 0
2 9.663458860170806 -0.5 0 0 0
2 9.621092517954624 -0.5 0 0 0
2 nan nan 0 0 0
2 nan nan 0 0 0
2 nan nan 0 0 0
2 nan nan 0 0 0
2 nan nan 0 0 0
2 nan nan 0 0 0
2 nan nan 0 0 0
2 nan nan 0 0 0
2 nan nan 0 0 0
2 nan nan 0 0 0
2 nan nan 0 0 0
2 nan nan 0 0 0
2 nan nan 0 0 0
2 nan nan 0 0 0
2 nan nan 0 0 0
2 nan nan 0 0 0
2 nan nan 0 0 0
2 nan nan 0 0 0
2 nan nan 0 0 0
2 nan nan 0 0 0
2 nan nan 0 0 0
2 nan nan 0 0 0
2 nan nan 0 0 0
2 nan nan 0 0 0
2 nan nan 0 0 0
2 nan nan 0 0 0
2 nan nan 0 0 0
2 nan nan 0 0 0
2 nan nan 0 0 0
2 nan nan 0 0 0
2 nan nan 0 0 0
2 nan nan 0 0 0
2 nan nan 0 0 0
2 nan nan 0 0 0
2 nan nan 0 0 0
2 nan nan 0 0 0
2 nan nan 0 0 0
2 nan nan 0 0 0
2 nan nan 0 0 0
2 nan nan 0 0 0
2 nan nan 0 0 0
2 nan nan 0 0 0
2 nan nan 0 0 0
2 nan nan 0 0 0
2 nan nan 0 0 0
2 nan nan 0 0 0
2 nan nan 0 0 0
2 nan nan 0 0 0
2 nan nan 0 0 0
2 nan nan 0 0 0
2 nan nan 0 0 0
2 nan nan 0 0 0
2 nan nan 0 0 0
2 nan nan 0 0 0
2 nan nan 0 0 0
2 nan nan 0 0 0
2 nan nan 0 0 0
2 nan nan 0 0 0
2 nan nan 0 0 0
2 nan nan 0 0 0
2 nan nan 0 0 0
2 nan nan 0 0 0
2 nan nan 0 0 0
2 nan nan 0 0 0
2 nan nan 0 0 0
2 nan nan 0 0 0
2 nan nan 0 0 0
2 nan nan 0 0 0
2 nan nan 0 0 0
2 nan nan 0 0 0
2 nan nan 0 0 0
2 nan nan 0 0 0
2 nan nan 0 0 0
2 nan nan 0 0 0
2 nan nan 0 0 0
2 nan nan 0 0 0
2 nan nan 0 0 0
2 nan nan 0 0 0
2 nan nan 0 0 0
2 nan nan 0 0 0
2 nan nan 0 0 0
2 nan nan 0 0 0
2 nan nan 0 0 0
2 nan nan 0 0 0
2 -9.621092517954628 -0.5 0 0 0
2 -9.663458860170806 -0.5 0 0 0
2 -9.685389545806963 -0.5 0 0 0
2 -9.683642677650326 -0.5 0 0 0
2 -9.654935696880512 -0.5 0 0 0
2 -9.596311728323947 -0.5 0 0 0
2 -9.505540546309593 -0.5 0 0 0
2 -9.381476656482127 -0.5 0 0 0
3 -9.224295109195651 -0.5 0 0 0
3 -9.035547350993612 -0.5 0 0 0
3 -8.818019769398203 -0.5 0 0 0
3 -8.575424139654604 -0.5 0 0 0
3 -8.311986805716741 -0.5 0 0 0
3 -8.032020532551991 -0.5 0 0 0
3 -7.739556021137679 -0.5 0.5204533081507056 0.8215709880136718 1
3 -7.43808429351617 -0.5 0.369017837437418 0.609095597074345 1
3 -7.130427358115281 -0.5 0.2588154233792934 0.4560596359881267 1
3 -6.818724184044703 -0.5 0.1817228144462575 0.3528460126097099 1
3 -6.504499770660902 -0.5 0.1314289984390957 0.292888094389575 1
3 -6.188779159666289 -0.5 0.101968460356082 -0.0851504874374473 1
3 -5.872213008193714 -0.5 0.08059076540363619 -0.1208573164798555 1
3 -5.555191850610739 -0.5 0.0643249790355987 -0.1240634187903509 1
3 -5.237937556233477 -0.5 0.05169892090475956 -0.1242927221659728 1
3 -4.920569526984588 -0.5 0.04175416123485714 -0.1242701217148839 1
3 -4.603148671687823 -0.5 0.03383145924742683 -0.1242378868522058 1
3 -4.285704457092013 -0.5 0.02746482121211733 -0.1242141257358928 1
3 -3.968250408801352 -0.5 0.02231557302629538 -0.1241977258929604 1
3 -3.650792419488353 -0.5 0.01813062605995911 -0.1241865760180003 1
3 -3.33333292659055 -0.5 0.01471602471427107 -0.1241790469904793 1
3 -3.015872887599593 -0.5 0.0119199585265217 -0.124173984984113 1
3 -2.698412659801115 -0.5 0.009621569741132117 -0.1241705922147162 1
3 -2.380952369861317 -0.5 0.007723318190026345 -0.1241683239147316 1
3 -2.063492060452425 -0.5 0.006145562074280192 -0.1241668111678893 1
3 -1.746031745237071 -0.5 0.004822553332141028 -0.1241658057296764 1
3 -1.428571428373272 -0.5 0.003699363951828873 -0.124165141564099 1
3 -1.111111111063991 -0.5 0.002729444133259016 -0.1241647085035856 1
3 -0.7936507936401116 -0.5 0.001872620002929494 -0.1241644344896579 1
3 -0.4761904761881848 -0.5 0.001093400559607467 -0.124164273829451 1
3 -0.1587301587297776 -0.5 0.0003594996989510969 -0.1241641996942636 1
3 0.1587301587297738 -0.5 -0.0003594996989511426 -0.1241641996942636 1
3 0.4761904761881832 -0.5 -0.001093400559607513 -0.124164273829451 1
3 0.7936507936401105 -0.5 -0.001872620002929494 -0.1241644344896579 1
3 1.11111111106399 -0.5 -0.002729444133259016 -0.1241647085035856 1
3 1.42857142837327 -0.5 -0.003699363951828873 -0.124165141564099 1
3 1.74603174523707 -0.5 -0.004822553332141028 -0.1241658057296764 1
3 2.063492060452423 -0.5 -0.006145562074280192 -0.1241668111678893 1
3 2.380952369861317 -0.5 -0.007723318190026345 -0.1241683239147316 1
3 2.698412659801114 -0.5 -0.009621569741131935 -0.1241705922147162 1
3 3.015872887599592 -0.5 -0.01191995852652133 -0.124173984984113 1
3 3.33333292659055 -0.5 -0.01471602471427089 -0.1241790469904793 1
3 3.65079241948835 -0.5 -0.01813062605995893 -0.1241865760180003 1
3 3.968250408801351 -0.5 -0.02231557302629518 -0.1241977258929605 1
3 4.285704457092012 -0.5 -0.02746482121211733 -0.1242141257358928 1
3 4.603148671687824 -0.5 -0.03383145924742683 -0.1242378868522058 1
3 4.920569526984589 -0.5 -0.04175416123485714 -0.1242701217148839 1
3 5.237937556233475 -0.5 -0.05169892090475956 -0.1242927221659728 1
3 5.555191850610738 -0.5 -0.0643249790355987 -0.1240634187903509 1
3 5.872213008193711 -0.5 -0.08059076540363619 -0.1208573164798555 1
3 6.18877915966629 -0.5 -0.101968460356082 -0.0851504874374473 1
3 6.504499770660901 -0.5 -0.1314289984390957 0.2928880943895734 1
3 6.818724184044703 -0.5 -0.1817228144462582 0.3528460126097103 1
3 7.130427358115277 -0.5 -0.2588154233792923 0.4560596359881248 1
3 7.438084293516169 -0.5 -0.369017837437417 0.6090955970743436 1
3 7.739556021137678 -0.5 -0.5204533081507046 0.8215709880136707 1
3 8.032020532551993 -0.5 0 0 0
3 8.311986805716737 -0.5 0 0 0
3 8.575424139654604 -0.5 0 0 0
3 8.818019769398202 -0.5 0 0 0
3 9.035547350993609 -0.5 0 0 0
3 9.224295109195648 -0.5 0 0 0
3 9.38147665648213 -0.5 0 0 0
3 9.505540546309591 -0.5 0 0 0
3 9.596311728323951 -0.5 0 0 0
3 9.654935696880509 -0.5 0 0 0
3 9.683642677650328 -0.5 0 0 0
3 9.685389545806959 -0.5 0 0 0
3 9.663458860170806 -0.5 0 0 0
3 9.621092517954624 -0.5 0 0 0
3 nan nan 0 0 0
3 nan nan 0 0 0
3 nan nan 0 0 0
3 nan nan 0 0 0
3 nan nan 0 0 0
3 nan nan 0 0 0
3 nan nan 0 0 0
3 nan nan 0 0 0
3 nan nan 0 0 0
3 nan nan 0 0 0
3 nan nan 0 0 0
3 nan nan 0 0 0
3 nan nan 0 0 0
3 nan nan 0 0 0
3 nan nan 0 0 0
3 nan nan 0 0 0
3 nan nan 0 0 0
3 nan nan 0 0 0
3 nan nan 0 0 0
3 nan nan 0 0 0
3 nan nan 0 0 0
3 nan nan 0 0 0
3 nan nan 0 0 0
3 nan nan 0 0 0
3 nan nan 0 0 0
3 nan nan 0 0 0
3 nan nan 0 0 0
3 nan nan 0 0 0
3 nan nan 0 0 0
3 nan nan 0 0 0
3 nan nan 0 0 0
3 nan nan 0 0 0
3 nan nan 0 0 0
3 nan nan 0 0 0
3 nan nan 0 0 0
3 nan nan 0 0 0
3 nan nan 0 0 0
3 nan nan 0 0 0
3 nan nan 0 0 0
3 nan nan 0 0 0
3 nan nan 0 0 0
3 nan nan 0 0 0
3 nan nan 0 0 0
3 nan nan 0 0 0
3 nan nan 0 0 0
3 nan nan 0 0 0
3 nan nan 0 0 0
3 nan nan 0 0 0
3 nan nan 0 0 0
3 nan nan 0 0 0
3 nan nan 0 0 0
3 nan nan 0 0 0
3 nan nan 0 0 0
3 nan nan 0 0 0
3 nan nan 0 0 0
3 nan nan 0 0 0
3 nan nan 0 0 0
3 nan nan 0 0 0
3 nan nan 0 0 0
3 nan nan 0 0 0
3 nan nan 0 0 0
3 nan nan 0 0 0
3 nan nan 0 0 0
3 nan nan 0 0 0
3 nan nan 0 0 0
3 nan nan 0 0 0
3 nan nan 0 0 0
3 nan nan 0 0 0
3 nan nan 0 0 0
3 nan nan 0 0 0
3 nan nan 0 0 0
3 nan nan 0 0 0
3 nan nan 0 0 0
3 nan nan 0 0 0
3 nan nan 0 0 0
3 nan nan 0 0 0
3 nan nan 0 0 0
3 nan nan 0 0 0
3 nan nan 0 0 0
3 nan nan 0 0 0
3 nan nan 0 0 0
3 nan nan 0 0 0
3 nan nan 0 0 0
3 nan nan 0 0 0
3 -9.621092517954628 -0.5 0 0 0
3 -9.663458860170806 -0.5 0 0 0
3 -9.685389545806963 -0.5 0 0 0
3 -9.683642677650326 -0.5 0 0 0
3 -9.654935696880512 -0.5 0 0 0
3 -9.596311728323947 -0.5 0 0 0
3 -9.505540546309593 -0.5 0 0 0
3 -9.381476656482127 -0.5 0 0 0
4 -9.224295109195651 -0.5 0 0 0
4 -9.035547350993612 -0.5 0 0 0
4 -8.818019769398203 -0.5 0 0 0
4 -8.575424139654604 -0.5 0 0 0
4 -8.311986805716741 -0.5 0 0 0
4 -8.032020532551991 -0.5 0 0 0
4 -7.739556021137679 -0.5 0 0 0
4 -7.43808429351617 -0.5 0.4674457480792444 0.7683972543627769 1
4 -7.130427358115281 -0.5 0.3274703944582258 0.5667170469568482 1
4 -6.818724184044703 -0.5 0.2278086569925809 0.4250445940166246 1
4 -6.504499770660902 -0.5 0.1599573963926274 0.3333388581509452 1
4 -6.188779159666289 -0.5 0.1172677971530594 0.1794597828136861 1
4 -5.872213008193714 -0.5 0.09134162342512191 -0.09831239927635843 1
4 -5.555191850610739 -0.5 0.07230548434425653 -0.1241347359046103 1
4 -5.237937556233477 -0.5 0.05772846624475508 -0.1264133689503568 1
4 -4.920569526984588 -0.5 0.04635713566916425 -0.1265647287826006 1
4 -4.603148671687823 -0.5 0.03736833090886094 -0.1265410070748253 1
4 -4.285704457092013 -0.5 0.03019167968482227 -0.1265131666673535 1
4 -3.968250408801352 -0.5 0.02441966186244441 -0.1264931029419779 1
4 -3.650792419488353 -0.5 0.01975232357211693 -0.126479413744117 1
4 -3.33333292659055 -0.5 0.01596262952306398 -0.1264701977967387 1
4 -3.015872887599593 -0.5 0.01287455522870636 -0.1264640335275081 1
4 -2.698412659801115 -0.5 0.01034894559781163 -0.1264599285986454 1
4 -2.380952369861317 -0.5 0.008274085798850875 -0.1264572044422903 1
4 -2.063492060452425 -0.5 0.006559154144675809 -0.1264554023223026 1
4 -1.746031745237071 -0.5 0.005129472074635757 -0.1264542146855252 1
4 -1.428571428373272 -0.5 0.003922906348858598 -0.126453436864427 1
4 -1.111111111063991 -0.5 0.002887033527587345 -0.1264529338656057 1
4 -0.7936507936401116 -0.5 0.00197682308438739 -0.126452617951938 1
4 -0.4761904761881848 -0.5 0.001152679146124438 -0.1264524338291296 1
4 -0.1587301587297776 -0.5 0.0003787286902489187 -0.1264523491993342 1
4 0.1587301587297738 -0.5 -0.0003787286902489073 -0.1264523491993342 1
4 0.4761904761881832 -0.5 -0.001152679146124438 -0.1264524338291296 1
4 0.7936507936401105 -0.5 -0.00197682308438739 -0.126452617951938 1
4 1.11111111106399 -0.5 -0.002887033527587345 -0.1264529338656057 1
4 1.42857142837327 -0.5 -0.003922906348858598 -0.126453436864427 1
4 1.74603174523707 -0.5 -0.005129472074635848 -0.1264542146855252 1
4 2.063492060452423 -0.5 -0.006559154144675992 -0.1264554023223026 1
4 2.380952369861317 -0.5 -0.008274085798851059 -0.1264572044422903 1
4 2.698412659801114 -0.5 -0.01034894559781181 -0.1264599285986454 1
4 3.015872887599592 -0.5 -0.01287455522870654 -0.1264640335275081 1
4 3.33333292659055 -0.5 -0.01596262952306416 -0.1264701977967387 1
4 3.65079241948835 -0.5 -0.01975232357211711 -0.126479413744117 1
4 3.968250408801351 -0.5 -0.02441966186244479 -0.1264931029419778 1
4 4.285704457092012 -0.5 -0.03019167968482266 -0.1265131666673534 1
4 4.603148671687824 -0.5 -0.03736833090886131 -0.1265410070748253 1
4 4.920569526984589 -0.5 -0.04635713566916506 -0.1265647287826003 1
4 5.237937556233475 -0.5 -0.05772846624475592 -0.1264133689503565 1
4 5.555191850610738 -0.5 -0.0723054843442574 -0.1241347359046114 1
4 5.872213008193711 -0.5 -0.09134162342512235 -0.09831239927635965 1
4 6.18877915966629 -0.5 -0.1172677971530604 0.1794597828136865 1
4 6.504499770660901 -0.5 -0.159957396392628 0.3333388581509454 1
4 6.818724184044703 -0.5 -0.2278086569925817 0.4250445940166254 1
4 7.130427358115277 -0.5 -0.327470394458225 0.566717046956847 1
4 7.438084293516169 -0.5 -0.4674457480792444 0.7683972543627771 1
4 7.739556021137678 -0.5 0 0 0
4 8.032020532551993 -0.5 0 0 0
4 8.311986805716737 -0.5 0 0 0
4 8.575424139654604 -0.5 0 0 0
4 8.818019769398202 -0.5 0 0 0
4 9.035547350993609 -0.5 0 0 0
4 9.224295109195648 -0.5 0 0 0
4 9.38147665648213 -0.5 0 0 0
4 9.505540546309591 -0.5 0 0 0
4 9.596311728323951 -0.5 0 0 0
4 9.654935696880509 -0.5 0 0 0
4 9.683642677650328 -0.5 0 0 0
4 9.685389545806959 -0.5 0 0 0
4 9.663458860170806 -0.5 0 0 0
4 9.621092517954624 -0.5 0 0 0
4 nan nan 0 0 0
4 nan nan 0 0 0
4 nan nan 0 0 0
4 nan nan 0 0 0
4 nan nan 0 0 0
4 nan nan 0 0 0
4 nan nan 0 0 0
4 nan nan 0 0 0
4 nan nan 0 0 0
4 nan nan 0 0 0
4 nan nan 0 0 0
4 nan nan 0 0 0
4 nan nan 0 0 0
4 nan nan 0 0 0
4 nan nan 0 0 0
4 nan nan 0 0 0
4 nan nan 0 0 0
4 nan nan 0 0 0
4 nan nan 0 0 0
4 nan nan 0 0 0
4 nan nan 0 0 0
4 nan nan 0 0 0
4 nan nan 0 0 0
4 nan nan 0 0 0
4 nan nan 0 0 0
4 nan nan 0 0 0
4 nan nan 0 0 0
4 nan nan 0 0 0
4 nan nan 0 0 0
4 nan nan 0 0 0
4 nan nan 0 0 0
4 nan nan 0 0 0
4 nan nan 0 0 0
4 nan nan 0 0 0
4 nan nan 0 0 0
4 nan nan 0 0 0
4 nan nan 0 0 0
4 nan nan 0 0 0
4 nan nan 0 0 0
4 nan nan 0 0 0
4 nan nan 0 0 0
4 nan nan 0 0 0
4 nan nan 0 0 0
4 nan nan 0 0 0
4 nan nan 0 0 0
4 nan nan 0 0 0
4 nan nan 0 0 0
4 nan nan 0 0 0
4 nan nan 0 0 0
4 nan nan 0 0 0
4 nan nan 0 0 0
4 nan nan 0 0 0
4 nan nan 0 0 0
4 nan nan 0 0 0
4 nan nan 0 0 0
4 nan nan 0 0 0
4 nan nan 0 0 0
4 nan nan 0 0 0
4 nan nan 0 0 0
4 nan nan 0 0 0
4 nan nan 0 0 0
4 nan nan 0 0 0
4 nan nan 0 0 0
4 nan nan 0 0 0
4 nan nan 0 0 0
4 nan nan 0 0 0
4 nan nan 0 0 0
4 nan nan 0 0 0
4 nan nan 0 0 0
4 nan nan 0 0 0
4 nan nan 0 0 0
4 nan nan 0 0 0
4 nan nan 0 0 0
4 nan nan 0 0 0
4 nan nan 0 0 0
4 nan nan 0 0 0
4 nan nan 0 0 0
4 nan nan 0 0 0
4 nan nan 0 0 0
4 nan nan 0 0 0
4 nan nan 0 0 0
4 nan nan 0 0 0
4 nan nan 0 0 0
4 nan nan 0 0 0
4 -9.621092517954628 -0.5 0 0 0
4 -9.663458860170806 -0.5 0 0 0
4 -9.685389545806963 -0.5 0 0 0
4 -9.683642677650326 -0.5 0 0 0
4 -9.654935696880512 -0.5 0 0 0
4 -9.596311728323947 -0.5 0 0 0
4 -9.505540546309593 -0.5 0 0 0
4 -9.381476656482127 -0.5 0 0 0
5 -9.224295109195651 -0.5 0 0 0
5 -9.035547350993612 -0.5 0 0 0
5 -8.818019769398203 -0.5 0 0 0
5 -8.575424139654604 -0.5 0 0 0
5 -8.311986805716741 -0.5 0 0 0
5 -8.032020532551991 -0.5 0 0 0
5 -7.739556021137679 -0.5 0 0 0
5 -7.43808429351617 -0.5 0.4959075544786442 0.8142533474303266 1
5 -7.130427358115281 -0.5 0.348216075610812 0.5990857736989644 1
5 -6.818724184044703 -0.5 0.2425942044734274 0.4466965729320206 1
5 -6.504499770660902 -0.5 0.1698574732614012 0.3457394814688585 1
5 -6.188779159666289 -0.5 0.123172135963757 0.2648736907496259 1
5 -5.872213008193714 -0.5 0.09584477389356028 -0.08718482844622261 1
5 -5.555191850610739 -0.5 0.07593879302260999 -0.1200637086053659 1
5 -5.237937556233477 -0.5 0.06073017395139359 -0.1229912946664991 1
5 -4.920569526984588 -0.5 0.04887837779370348 -0.1231986877311033 1
5 -4.603148671687823 -0.5 0.03951144367345105 -0.1231777370076889 1
5 -4.285704457092013 -0.5 0.0320276390455304 -0.1231483795230273 1
5 -3.968250408801352 -0.5 0.0259990651565814 -0.1231268278605766 1
5 -3.650792419488353 -0.5 0.02111248825047779 -0.1231119877509221 1
5 -3.33333292659055 -0.5 0.01713211889818208 -0.123101913150661 1
5 -3.015872887599593 -0.5 0.01387602343262222 -0.1230951166702541 1
5 -2.698412659801115 -0.5 0.01120090294702374 -0.1230905502729211 1
5 -2.380952369861317 -0.5 0.008991978292083348 -0.1230874917343727 1
5 -2.063492060452425 -0.5 0.007156010648305656 -0.1230854490860588 1
5 -1.746031745237071 -0.5 0.005616281290840112 -0.1230840899287514 1
5 -1.428571428373272 -0.5 0.004308827013877005 -0.1230831912911396 1
5 -1.111111111063991 -0.5 0.003179503891829045 -0.1230826049140612 1
5 -0.7936507936401116 -0.5 0.00218161182739492 -0.1230822336733003 1
5 -0.4761904761881848 -0.5 0.001273904485528885 -0.1230820159123191 1
5 -0.1587301587297776 -0.5 0.0004188623943221828 -0.1230819154013232 1
5 0.1587301587297738 -0.5 -0.0004188623943221714 -0.1230819154013232 1
5 0.4761904761881832 -0.5 -0.001273904485528885 -0.1230820159123191 1
5 0.7936507936401105 -0.5 -0.00218161182739492 -0.1230822336733003 1
5 1.11111111106399 -0.5 -0.003179503891828954 -0.1230826049140612 1
5 1.42857142837327 -0.5 -0.004308827013876913 -0.1230831912911396 1
5 1.74603174523707 -0.5 -0.00561628129084002 -0.1230840899287514 1
5 2.063492060452423 -0.5 -0.007156010648305472 -0.1230854490860588 1
5 2.380952369861317 -0.5 -0.008991978292083161 -0.1230874917343728 1
5 2.698412659801114 -0.5 -0.01120090294702355 -0.1230905502729212 1
5 3.015872887599592 -0.5 -0.01387602343262203 -0.1230951166702541 1
5 3.33333292659055 -0.5 -0.01713211889818189 -0.1231019131506611 1
5 3.65079241948835 -0.5 -0.0211124882504776 -0.1231119877509221 1
5 3.968250408801351 -0.5 -0.02599906515658122 -0.1231268278605766 1
5 4.285704457092012 -0.5 -0.0320276390455304 -0.1231483795230273 1
5 4.603148671687824 -0.5 -0.03951144367345143 -0.1231777370076888 1
5 4.920569526984589 -0.5 -0.04887837779370348 -0.1231986877311033 1
5 5.237937556233475 -0.5 -0.06073017395139359 -0.1229912946664991 1
5 5.555191850610738 -0.5 -0.07593879302260952 -0.1200637086053662 1
5 5.872213008193711 -0.5 -0.09584477389355978 -0.08718482844622288 1
5 6.18877915966629 -0.5 -0.123172135963757 0.2648736907496272 1
5 6.504499770660901 -0.5 -0.1698574732614006 0.3457394814688583 1
5 6.818724184044703 -0.5 -0.2425942044734276 0.4466965729320215 1
5 7.130427358115277 -0.5 -0.3482160756108102 0.5990857736989629 1
5 7.438084293516169 -0.5 -0.4959075544786433 0.8142533474303263 1
5 7.739556021137678 -0.5 0 0 0
5 8.032020532551993 -0.5 0 0 0
5 8.311986805716737 -0.5 0 0 0
5 8.575424139654604 -0.5 0 0 0
5 8.818019769398202 -0.5 0 0 0
5 9.035547350993609 -0.5 0 0 0
5 9.224295109195648 -0.5 0 0 0
5 9.38147665648213 -0.5 0 0 0
5 9.505540546309591 -0.5 0 0 0
5 9.596311728323951 -0.5 0 0 0
5 9.654935696880509 -0.5 0 0 0
5 9.683642677650328 -0.5 0 0 0
5 9.685389545806959 -0.5 0 0 0
5 9.663458860170806 -0.5 0 0 0
5 9.621092517954624 -0.5 0 0 0
5 nan nan 0 0 0
5 nan nan 0 0 0
5 nan nan 0 0 0
5 nan nan 0 0 0
5 nan nan 0 0 0
5 nan nan 0 0 0
5 nan nan 0 0 0
5 nan nan 0 0 0
5 nan nan 0 0 0
5 nan nan 0 0 0
5 nan nan 0 0 0
5 nan nan 0 0 0
5 nan nan 0 0 0
5 nan nan 0 0 0
5 nan nan 0 0 0
5 nan nan 0 0 0
5 nan nan 0 0 0
5 nan nan 0 0 0
5 nan nan 0 0 0
5 nan nan 0 0 0
5 nan nan 0 0 0
5 nan nan 0 0 0
5 nan nan 0 0 0
5 nan nan 0 0 0
5 nan nan 0 0 0
5 nan nan 0 0 0
5 nan nan 0 0 0
5 nan nan 0 0 0
5 nan nan 0 0 0
5 nan nan 0 0 0
5 nan nan 0 0 0
5 nan nan 0 0 0
5 nan nan 0 0 0
5 nan nan 0 0 0
5 nan nan 0 0 0
5 nan nan 0 0 0
5 nan nan 0 0 0
5 nan nan 0 0 0
5 nan nan 0 0 0
5 nan nan 0 0 0
5 nan nan 0 0 0
5 nan nan 0 0 0
5 nan nan 0 0 0
5 nan nan 0 0 0
5 nan nan 0 0 0
5 nan nan 0 0 0
5 nan nan 0 0 0
5 nan nan 0 0 0
5 nan nan 0 0 0
5 nan nan 0 0 0
5 nan nan 0 0 0
5 nan nan 0 0 0
5 nan nan 0 0 0
5 nan nan 0 0 0
5 nan nan 0 0 0
5 nan nan 0 0 0
5 nan nan 0 0 0
5 nan nan 0 0 0
5 nan nan 0 0 0
5 nan nan 0 0 0
5 nan nan 0 0 0
5 nan nan 0 0 0
5 nan nan 0 0 0
5 nan nan 0 0 0
5 nan nan 0 0 0
5 nan nan 0 0 0
5 nan nan 0 0 0
5 nan nan 0 0 0
5 nan nan 0 0 0
5 nan nan 0 0 0
5 nan nan 0 0 0
5 nan nan 0 0 0
5 nan nan 0 0 0
5 nan nan 0 0 0
5 nan nan 0 0 0
5 nan nan 0 0 0
5 nan nan 0 0 0
5 nan nan 0 0 0
5 nan nan 0 0 0
5 nan nan 0 0 0
5 nan nan 0 0 0
5 nan nan 0 0 0
5 nan nan 0 0 0
5 nan nan 0 0 0
5 -9.621092517954628 -0.5 0 0 0
5 -9.663458860170806 -0.5 0 0 0
5 -9.685389545806963 -0.5 0 0 0
5 -9.683642677650326 -0.5 0 0 0
5 -9.654935696880512 -0.5 0 0 0
5 -9.596311728323947 -0.5 0 0 0
5 -9.505540546309593 -0.5 0 0 0
5 -9.381476656482127 -0.5 0 0 0
6 -9.224295109195651 -0.5 0 0 0
6 -9.035547350993612 -0.5 0 0 0
6 -8.818019769398203 -0.5 0 0 0
6 -8.575424139654604 -0.5 0 0 0
6 -8.311986805716741 -0.5 0 0 0
6 -8.032020532551991 -0.5 0 0 0
6 -7.739556021137679 -0.5 0 0 0
6 -7.43808429351617 -0.5 0.5038548981541667 0.8309281179238913 1
6 -7.130427358115281 -0.5 0.35377823134578 0.6105984173646714 1
6 -6.818724184044703 -0.5 0.2463949057375046 0.4542482053195284 1
6 -6.504499770660902 -0.5 0.1722382227088723 0.3499919268849337 1
6 -6.188779159666289 -0.5 0.1243744831454729 0.2907885004387845 1
6 -5.872213008193714 -0.5 0.09662342890159169 -0.07993937257815853 1
6 -5.555191850610739 -0.5 0.07652589834430934 -0.1183670757415565 1
6 -5.237937556233477 -0.5 0.06118834850809902 -0.1218023971473061 1
6 -4.920569526984588 -0.5 0.04924201259348863 -0.122054798690701 1
6 -4.603148671687823 -0.5 0.03980351973004403 -0.1220373810722084 1
6 -4.285704457092013 -0.5 0.03226425190602566 -0.1220080004651753 1
6 -3.968250408801352 -0.5 0.02619183414808917 -0.1219862067484579 1
6 -3.650792419488353 -0.5 0.02127004471575027 -0.121971175796133 1
6 -3.33333292659055 -0.5 0.017261040540302 -0.1219609662223079 1
6 -3.015872887599593 -0.5 0.01398142682806265 -0.1219540762947661 1
6 -2.698412659801115 -0.5 0.01128682662866328 -0.1219494457685063 1
6 -2.380952369861317 -0.5 0.009061637380366021 -0.121946343471391 1
6 -2.063492060452425 -0.5 0.007211971598920061 -0.1219442711038108 1
6 -1.746031745237071 -0.5 0.005660585608117551 -0.1219428918645484 1
6 -1.428571428373272 -0.5 0.00434308105544029 -0.121941979760359 1
6 -1.111111111063991 -0.5 0.003204945001729612 -0.121941384483707 1
6 -0.7936507936401116 -0.5 0.00219915699258979 -0.1219410075467667 1
6 -0.4761904761881848 -0.5 0.00128418531231088 -0.1219407864159546 1
6 -0.1587301587297776 -0.5 0.0004222487394983551 -0.1219406843410256 1
6 0.1587301587297738 -0.5 -0.0004222487394983551 -0.1219406843410256 1
6 0.4761904761881832 -0.5 -0.001284185312310903 -0.1219407864159546 1
6 0.7936507936401105 -0.5 -0.00219915699258979 -0.1219410075467667 1
6 1.11111111106399 -0.5 -0.003204945001729612 -0.121941384483707 1
6 1.42857142837327 -0.5 -0.00434308105544029 -0.121941979760359 1
6 1.74603174523707 -0.5 -0.005660585608117551 -0.1219428918645484 1
6 2.063492060452423 -0.5 -0.007211971598920061 -0.1219442711038108 1
6 2.380952369861317 -0.5 -0.009061637380366021 -0.121946343471391 1
6 2.698412659801114 -0.5 -0.01128682662866328 -0.1219494457685063 1
6 3.015872887599592 -0.5 -0.01398142682806265 -0.1219540762947661 1
6 3.33333292659055 -0.5 -0.017261040540302 -0.1219609662223079 1
6 3.65079241948835 -0.5 -0.02127004471575027 -0.121971175796133 1
6 3.968250408801351 -0.5 -0.02619183414808917 -0.1219862067484579 1
6 4.285704457092012 -0.5 -0.03226425190602566 -0.1220080004651753 1
6 4.603148671687824 -0.5 -0.03980351973004403 -0.1220373810722084 1
6 4.920569526984589 -0.5 -0.04924201259348863 -0.122054798690701 1
6 5.237937556233475 -0.5 -0.06118834850809902 -0.1218023971473061 1
6 5.555191850610738 -0.5 -0.07652589834430934 -0.1183670757415565 1
6 5.872213008193711 -0.5 -0.09662342890159119 -0.07993937257815881 1
6 6.18877915966629 -0.5 -0.1243744831454724 0.2907885004387844 1
6 6.504499770660901 -0.5 -0.1722382227088717 0.3499919268849334 1
6 6.818724184044703 -0.5 -0.246394905737504 0.4542482053195286 1
6 7.130427358115277 -0.5 -0.3537782313457773 0.6105984173646687 1
6 7.438084293516169 -0.5 -0.5038548981541642 0.8309281179238898 1
6 7.739556021137678 -0.5 0 0 0
6 8.032020532551993 -0.5 0 0 0
6 8.311986805716737 -0.5 0 0 0
6 8.575424139654604 -0.5 0 0 0
6 8.818019769398202 -0.5 0 0 0
6 9.035547350993609 -0.5 0 0 0
6 9.224295109195648 -0.5 0 0 0
6 9.38147665648213 -0.5 0 0 0
6 9.505540546309591 -0.5 0 0 0
6 9.596311728323951 -0.5 0 0 0
6 9.654935696880509 -0.5 0 0 0
6 9.683642677650328 -0.5 0 0 0
6 9.685389545806959 -0.5 0 0 0
6 9.663458860170806 -0.5 0 0 0
6 9.621092517954624 -0.5 0 0 0
6 nan nan 0 0 0
6 nan nan 0 0 0
6 nan nan 0 0 0
6 nan nan 0 0 0
6 nan nan 0 0 0
6 nan nan 0 0 0
6 nan nan 0 0 0
6 nan nan 0 0 0
6 nan nan 0 0 0
6 nan nan 0 0 0
6 nan nan 0 0 0
6 nan nan 0 0 0
6 nan nan 0 0 0
6 nan nan 0 0 0
6 nan nan 0 0 0
6 nan nan 0 0 0
6 nan nan 0 0 0
6 nan nan 0 0 0
6 nan nan 0 0 0
6 nan nan 0 0 0
6 nan nan 0 0 0
6 nan nan 0 0 0
6 nan nan 0 0 0
6 nan nan 0 0 0
6 nan nan 0 0 0
6 nan nan 0 0 0
6 nan nan 0 0 0
6 nan nan 0 0 0
6 nan nan 0 0 0
6 nan nan 0 0 0
6 nan nan 0 0 0
6 nan nan 0 0 0
6 nan nan 0 0 0
6 nan nan 0 0 0
6 nan nan 0 0 0
6 nan nan 0 0 0
6 nan nan 0 0 0
6 nan nan 0 0 0
6 nan nan 0 0 0
6 nan nan 0 0 0
6 nan nan 0 0 0
6 nan nan 0 0 0
6 nan nan 0 0 0
6 nan nan 0 0 0
6 nan nan 0 0 0
6 nan nan 0 0 0
6 nan nan 0 0 0
6 nan nan 0 0 0
6 nan nan 0 0 0
6 nan nan 0 0 0
6 nan nan 0 0 0
6 nan nan 0 0 0
6 nan nan 0 0 0
6 nan nan 0 0 0
6 nan nan 0 0 0
6 nan nan 0 0 0
6 nan nan 0 0 0
6 nan nan 0 0 0
6 nan nan 0 0 0
6 nan nan 0 0 0
6 nan nan 0 0 0
6 nan nan 0 0 0
6 nan nan 0 0 0
6 nan nan 0 0 0
6 nan nan 0 0 0
6 nan nan 0 0 0
6 nan nan 0 0 0
6 nan nan 0 0 0
6 nan nan 0 0 0
6 nan nan 0 0 0
6 nan nan 0 0 0
6 nan nan 0 0 0
6 nan nan 0 0 0
6 nan nan 0 0 0
6 nan nan 0 0 0
6 nan nan 0 0 0
6 nan nan 0 0 0
6 nan nan 0 0 0
6 nan nan 0 0 0
6 nan nan 0 0 0
6 nan nan 0 0 0
6 nan nan 0 0 0
6 nan nan 0 0 0
6 nan nan 0 0 0
6 -9.621092517954628 -0.5 0 0 0
6 -9.663458860170806 -0.5 0 0 0
6 -9.685389545806963 -0.5 0 0 0
6 -9.683642677650326 -0.5 0 0 0
6 -9.654935696880512 -0.5 0 0 0
6 -9.596311728323947 -0.5 0 0 0
6 -9.505540546309593 -0.5 0 0 0
6 -9.381476656482127 -0.5 0 0 0
7 -9.224295109195651 -0.5 0 0 0
7 -9.035547350993612 -0.5 0 0 0
7 -8.818019769398203 -0.5 0 0 0
7 -8.575424139654604 -0.5 0 0 0
7 -8.311986805716741 -0.5 0 0 0
7 -8.032020532551991 -0.5 0 0 0
7 -7.739556021137679 -0.5 0 0 0
7 -7.43808429351617 -0.5 0.5082913903896316 0.8413370189198068 1
7 -7.130427358115281 -0.5 0.3568929500535877 0.6179834107435611 1
7 -6.818724184044703 -0.5 0.2485612247155999 0.4593811528490914 1
7 -6.504499770660902 -0.5 0.173659822682861 0.3533324751364115 1
7 -6.188779159666289 -0.5 0.1251868361780291 0.2925811406316901 1
7 -5.872213008193714 -0.5 0.09695808883195005 -0.0659286023406141 1
7 -5.555191850610739 -0.5 0.07675802487267933 -0.1164821229765446 1
7 -5.237937556233477 -0.5 0.06136706701486522 -0.1210262009614147 1
7 -4.920569526984588 -0.5 0.04938306538445314 -0.1213777598124287 1
7 -4.603148671687823 -0.5 0.03991628367892484 -0.1213689154305517 1
7 -4.285704457092013 -0.5 0.03235519218648648 -0.1213401510645189 1
7 -3.968250408801352 -0.5 0.0262656019977267 -0.1213183161995205 1
7 -3.650792419488353 -0.5 0.02133008666095428 -0.1213032152190075 1
7 -3.33333292659055 -0.5 0.0173099755639059 -0.1212929534929372 1
7 -3.015872887599593 -0.5 0.0140212853970601 -0.1212860273910459 1
7 -2.698412659801115 -0.5 0.01131920553751217 -0.1212813721347373 1
7 -2.380952369861317 -0.5 0.009087802972688826 -0.1212782530372796 1
7 -2.063492060452425 -0.5 0.007232930827091135 -0.1212761693088465 1
7 -1.746031745237071 -0.5 0.005677136476094063 -0.1212747824244502 1
7 -1.428571428373272 -0.5 0.004355849303886984 -0.1212738652132656 1
7 -1.111111111063991 -0.5 0.003214411147773232 -0.121273266573274 1
7 -0.7936507936401116 -0.5 0.002205676225598378 -0.1212728874899836 1
7 -0.4761904761881848 -0.5 0.001288001789422876 -0.1212726650923115 1
7 -0.1587301587297776 -0.5 0.0004235052376854126 -0.1212725624302898 1
7 0.1587301587297738 -0.5 -0.0004235052376854583 -0.1212725624302898 1
7 0.4761904761881832 -0.5 -0.001288001789422921 -0.1212726650923115 1
7 0.7936507936401105 -0.5 -0.002205676225598378 -0.1212728874899836 1
7 1.11111111106399 -0.5 -0.003214411147773232 -0.121273266573274 1
7 1.42857142837327 -0.5 -0.004355849303886984 -0.1212738652132656 1
7 1.74603174523707 -0.5 -0.005677136476094063 -0.1212747824244502 1
7 2.063492060452423 -0.5 -0.007232930827091135 -0.1212761693088465 1
7 2.380952369861317 -0.5 -0.009087802972688826 -0.1212782530372796 1
7 2.698412659801114 -0.5 -0.01131920553751217 -0.1212813721347373 1
7 3.015872887599592 -0.5 -0.01402128539706029 -0.1212860273910459 1
7 3.33333292659055 -0.5 -0.01730997556390608 -0.1212929534929372 1
7 3.65079241948835 -0.5 -0.02133008666095447 -0.1213032152190074 1
7 3.968250408801351 -0.5 -0.02626560199772689 -0.1213183161995204 1
7 4.285704457092012 -0.5 -0.03235519218648687 -0.1213401510645188 1
7 4.603148671687824 -0.5 -0.03991628367892523 -0.1213689154305517 1
7 4.920569526984589 -0.5 -0.04938306538445356 -0.1213777598124285 1
7 5.237937556233475 -0.5 -0.06136706701486565 -0.1210262009614145 1
7 5.555191850610738 -0.5 -0.07675802487267981 -0.1164821229765444 1
7 5.872213008193711 -0.5 -0.09695808883195053 -0.06592860234061382 1
7 6.18877915966629 -0.5 -0.1251868361780302 0.2925811406316908 1
7 6.504499770660901 -0.5 -0.1736598226828616 0.3533324751364117 1
7 6.818724184044703 -0.5 -0.2485612247156014 0.4593811528490923 1
7 7.130427358115277 -0.5 -0.3568929500535873 0.6179834107435594 1
7 7.438084293516169 -0.5 -0.5082913903896322 0.8413370189198062 1
7 7.739556021137678 -0.5 0 0 0
7 8.032020532551993 -0.5 0 0 0
7 8.311986805716737 -0.5 0 0 0
7 8.575424139654604 -0.5 0 0 0
7 8.818019769398202 -0.5 0 0 0
7 9.035547350993609 -0.5 0 0 0
7 9.224295109195648 -0.5 0 0 0
7 9.38147665648213 -0.5 0 0 0
7 9.505540546309591 -0.5 0 0 0
7 9.596311728323951 -0.5 0 0 0
7 9.654935696880509 -0.5 0 0 0
7 9.683642677650328 -0.5 0 0 0
7 9.685389545806959 -0.5 0 0 0
7 9.663458860170806 -0.5 0 0 0
7 9.621092517954624 -0.5 0 0 0
7 nan nan 0 0 0
7 nan nan 0 0 0
7 nan nan 0 0 0
7 nan nan 0 0 0
7 nan nan 0 0 0
7 nan nan 0 0 0
7 nan nan 0 0 0
7 nan nan 0 0 0
7 nan nan 0 0 0
7 nan nan 0 0 0
7 nan nan 0 0 0
7 nan nan 0 0 0
7 nan nan 0 0 0
7 nan nan 0 0 0
7 nan nan 0 0 0
7 nan nan 0 0 0
7 nan nan 0 0 0
7 nan nan 0 0 0
7 nan nan 0 0 0
7 nan nan 0 0 0
7 nan nan 0 0 0
7 nan nan 0 0 0
7 nan nan 0 0 0
7 nan nan 0 0 0
7 nan nan 0 0 0
7 nan nan 0 0 0
7 nan nan 0 0 0
7 nan nan 0 0 0
7 nan nan 0 0 0
7 nan nan 0 0 0
7 nan nan 0 0 0
7 nan nan 0 0 0
7 nan nan 0 0 0
7 nan nan 0 0 0
7 nan nan 0 0 0
7 nan nan 0 0 0
7 nan nan 0 0 0
7 nan nan 0 0 0
7 nan nan 0 0 0
7 nan nan 0 0 0
7 nan nan 0 0 0
7 nan nan 0 0 0
7 nan nan 0 0 0
7 nan nan 0 0 0
7 nan nan 0 0 0
7 nan nan 0 0 0
7 nan nan 0 0 0
7 nan nan 0 0 0
7 nan nan 0 0 0
7 nan nan 0 0 0
7 nan nan 0 0 0
7 nan nan 0 0 0
7 nan nan 0 0 0
7 nan nan 0 0 0
7 nan nan 0 0 0
7 nan nan 0 0 0
7 nan nan 0 0 0
7 nan nan 0 0 0
7 nan nan 0 0 0
7 nan nan 0 0 0
7 nan nan 0 0 0
7 nan nan 0 0 0
7 nan nan 0 0 0
7 nan nan 0 0 0
7 nan nan 0 0 0
7 nan nan 0 0 0
7 nan nan 0 0 0
7 nan nan 0 0 0
7 nan nan 0 0 0
7 nan nan 0 0 0
7 nan nan 0 0 0
7 nan nan 0 0 0
7 nan nan 0 0 0
7 nan nan 0 0 0
7 nan nan 0 0 0
7 nan nan 0 0 0
7 nan nan 0 0 0
7 nan nan 0 0 0
7 nan nan 0 0 0
7 nan nan 0 0 0
7 nan nan 0 0 0
7 nan nan 0 0 0
7 nan nan 0 0 0
7 nan nan 0 0 0
7 -9.621092517954628 -0.5 0 0 0
7 -9.663458860170806 -0.5 0 0 0
7 -9.685389545806963 -0.5 0 0 0
7 -9.683642677650326 -0.5 0 0 0
7 -9.654935696880512 -0.5 0 0 0
7 -9.596311728323947 -0.5 0 0 0
7 -9.505540546309593 -0.5 0 0 0
7 -9.381476656482127 -0.5 0 0 0
8 -9.224295109195651 -0.5 0 0 0
8 -9.035547350993612 -0.5 0 0 0
8 -8.818019769398203 -0.5 0 0 0
8 -8.575424139654604 -0.5 0 0 0
8 -8.311986805716741 -0.5 0 0 0
8 -8.032020532551991 -0.5 0 0 0
8 -7.739556021137679 -0.5 0 0 0
8 -7.43808429351617 -0.5 0.5109776893472969 0.847775295944986 1
8 -7.130427358115281 -0.5 0.3587734767732005 0.6225422931127618 1
8 -6.818724184044703 -0.5 0.2498667164895798 0.4625445123807536 1
8 -6.504499770660902 -0.5 0.1745145788962608 0.3553874450115205 1
8 -6.188779159666289 -0.5 0.1256722065108956 0.2936807048285408 1
8 -5.872213008193714 -0.5 0.09715245636171706 -0.05727285601911752 1
8 -5.555191850610739 -0.5 0.07689166667734461 -0.1153180835146098 1
8 -5.237937556233477 -0.5 0.0614696498795524 -0.1205474450740587 1
8 -4.920569526984588 -0.5 0.04946383366981665 -0.1209603153926416 1
8 -4.603148671687823 -0.5 0.03998069608343915 -0.1209567801658756 1
8 -4.285704457092013 -0.5 0.03240700712692098 -0.1209284028978659 1
8 -3.968250408801352 -0.5 0.02630752241469263 -0.1209065470220749 1
8 -3.650792419488353 -0.5 0.02136411485215868 -0.1208914059527122 1
8 -3.33333292659055 -0.5 0.01733763251957227 -0.1208811142786638 1
8 -3.015872887599593 -0.5 0.01404374976814659 -0.1208741674401628 1
8 -2.698412659801115 -0.5 0.01133740368431723 -0.120869498042191 1
8 -2.380952369861317 -0.5 0.009102469033387002 -0.1208663693631834 1
8 -2.063492060452425 -0.5 0.007244648109814129 -0.1208642791736151 1
8 -1.746031745237071 -0.5 0.005686366874196812 -0.1208628879538935 1
8 -1.428571428373272 -0.5 0.004362954711770727 -0.1208619678551597 1
8 -1.111111111063991 -0.5 0.003219669261095277 -0.120861367318885 1
8 -0.7936507936401116 -0.5 0.002209292176005963 -0.1208609870285753 1
8 -0.4761904761881848 -0.5 0.001290116509193684 -0.1208607639199597 1
8 -0.1587301587297776 -0.5 0.0004242011096507779 -0.1208606609289245 1
8 0.1587301587297738 -0.5 -0.0004242011096507207 -0.1208606609289245 1
8 0.4761904761881832 -0.5 -0.001290116509193638 -0.1208607639199597 1
8 0.7936507936401105 -0.5 -0.002209292176005872 -0.1208609870285753 1
8 1.11111111106399 -0.5 -0.003219669261095185 -0.120861367318885 1
8 1.42857142837327 -0.5 -0.004362954711770633 -0.1208619678551597 1
8 1.74603174523707 -0.5 -0.005686366874196812 -0.1208628879538935 1
8 2.063492060452423 -0.5 -0.007244648109814129 -0.1208642791736151 1
8 2.380952369861317 -0.5 -0.009102469033387002 -0.1208663693631834 1
8 2.698412659801114 -0.5 -0.01133740368431723 -0.120869498042191 1
8 3.015872887599592 -0.5 -0.01404374976814659 -0.1208741674401628 1
8 3.33333292659055 -0.5 -0.01733763251957227 -0.1208811142786638 1
8 3.65079241948835 -0.5 -0.02136411485215868 -0.1208914059527122 1
8 3.968250408801351 -0.5 -0.02630752241469263 -0.1209065470220749 1
8 4.285704457092012 -0.5 -0.03240700712692098 -0.1209284028978659 1
8 4.603148671687824 -0.5 -0.03998069608343915 -0.1209567801658756 1
8 4.920569526984589 -0.5 -0.04946383366981665 -0.1209603153926416 1
8 5.237937556233475 -0.5 -0.0614696498795524 -0.1205474450740587 1
8 5.555191850610738 -0.5 -0.07689166667734461 -0.1153180835146098 1
8 5.872213008193711 -0.5 -0.09715245636171706 -0.05727285601911752 1
8 6.18877915966629 -0.5 -0.1256722065108956 0.2936807048285408 1
8 6.504499770660901 -0.5 -0.1745145788962608 0.3553874450115205 1
8 6.818724184044703 -0.5 -0.2498667164895806 0.4625445123807543 1
8 7.130427358115277 -0.5 -0.3587734767731994 0.6225422931127597 1
8 7.438084293516169 -0.5 -0.510977689347296 0.8477752959449852 1
8 7.739556021137678 -0.5 0 0 0
8 8.032020532551993 -0.5 0 0 0
8 8.311986805716737 -0.5 0 0 0
8 8.575424139654604 -0.5 0 0 0
8 8.818019769398202 -0.5 0 0 0
8 9.035547350993609 -0.5 0 0 0
8 9.224295109195648 -0.5 0 0 0
8 9.38147665648213 -0.5 0 0 0
8 9.505540546309591 -0.5 0 0 0
8 9.596311728323951 -0.5 0 0 0
8 9.654935696880509 -0.5 0 0 0
8 9.683642677650328 -0.5 0 0 0
8 9.685389545806959 -0.5 0 0 0
8 9.663458860170806 -0.5 0 0 0
8 9.621092517954624 -0.5 0 0 0
8 nan nan 0 0 0
8 nan nan 0 0 0
8 nan nan 0 0 0
8 nan nan 0 0 0
8 nan nan 0 0 0
8 nan nan 0 0 0
8 nan nan 0 0 0
8 nan nan 0 0 0
8 nan nan 0 0 0
8 nan nan 0 0 0
8 nan nan 0 0 0
8 nan nan 0 0 0
8 nan nan 0 0 0
8 nan nan 0 0 0
8 nan nan 0 0 0
8 nan nan 0 0 0
8 nan nan 0 0 0
8 nan nan 0 0 0
8 nan nan 0 0 0
8 nan nan 0 0 0
8 nan nan 0 0 0
8 nan nan 0 0 0
8 nan nan 0 0 0
8 nan nan 0 0 0
8 nan nan 0 0 0
8 nan nan 0 0 0
8 nan nan 0 0 0
8 nan nan 0 0 0
8 nan nan 0 0 0
8 nan nan 0 0 0
8 nan nan 0 0 0
8 nan nan 0 0 0
8 nan nan 0 0 0
8 nan nan 0 0 0
8 nan nan 0 0 0
8 nan nan 0 0 0
8 nan nan 0 0 0
8 nan nan 0 0 0
8 nan nan 0 0 0
8 nan nan 0 0 0
8 nan nan 0 0 0
8 nan nan 0 0 0
8 nan nan 0 0 0
8 nan nan 0 0 0
8 nan nan 0 0 0
8 nan nan 0 0 0
8 nan nan 0 0 0
8 nan nan 0 0 0
8 nan nan 0 0 0
8 nan nan 0 0 0
8 nan nan 0 0 0
8 nan nan 0 0 0
8 nan nan 0 0 0
8 nan nan 0 0 0
8 nan nan 0 0 0
8 nan nan 0 0 0
8 nan nan 0 0 0
8 nan nan 0 0 0
8 nan nan 0 0 0
8 nan nan 0 0 0
8 nan nan 0 0 0
8 nan nan 0 0 0
8 nan nan 0 0 0
8 nan nan 0 0 0
8 nan nan 0 0 0
8 nan nan 0 0 0
8 nan nan 0 0 0
8 nan nan 0 0 0
8 nan nan 0 0 0
8 nan nan 0 0 0
8 nan nan 0 0 0
8 nan nan 0 0 0
8 nan nan 0 0 0
8 nan nan 0 0 0
8 nan nan 0 0 0
8 nan nan 0 0 0
8 nan nan 0 0 0
8 nan nan 0 0 0
8 nan nan 0 0 0
8 nan nan 0 0 0
8 nan nan 0 0 0
8 nan nan 0 0 0
8 nan nan 0 0 0
8 nan nan 0 0 0
8 -9.621092517954628 -0.5 0 0 0
8 -9.663458860170806 -0.5 0 0 0
8 -9.685389545806963 -0.5 0 0 0
8 -9.683642677650326 -0.5 0 0 0
8 -9.654935696880512 -0.5 0 0 0
8 -9.596311728323947 -0.5 0 0 0
8 -9.505540546309593 -0.5 0 0 0
8 -9.381476656482127 -0.5 0 0 0
9 -9.224295109195651 -0.5 0 0 0
9 -9.035547350993612 -0.5 0 0 0
9 -8.818019769398203 -0.5 0 0 0
9 -8.575424139654604 -0.5 0 0 0
9 -8.311986805716741 -0.5 0 0 0
9 -8.032020532551991 -0.5 0 0 0
9 -7.739556021137679 -0.5 0 0 0
9 -7.43808429351617 -0.5 0.5126385911590906 0.8517741537431892 1
9 -7.130427358115281 -0.5 0.3599351034617146 0.625371661192468 1
9 -6.818724184044703 -0.5 0.2506728805014778 0.4645067389264451 1
9 -6.504499770660902 -0.5 0.1750424114478238 0.3566615176080633 1
9 -6.188779159666289 -0.5 0.1259718647498319 0.2943620261409569 1
9 -5.872213008193714 -0.5 0.09727202169861959 -0.05190260172289324 1
9 -5.555191850610739 -0.5 0.07697375419404509 -0.114595631407754 1
9 -5.237937556233477 -0.5 0.06153262292048003 -0.1202502435901395 1
9 -4.920569526984588 -0.5 0.04951339239283253 -0.1207011685956099 1
9 -4.603148671687823 -0.5 0.04002020157849451 -0.1207009297551455 1
9 -4.285704457092013 -0.5 0.03243877267503323 -0.1206727933315216 1
9 -3.968250408801352 -0.5 0.02633321123760832 -0.1206509247978258 1
9 -3.650792419488353 -0.5 0.02138495872825661 -0.1206357591184934 1
9 -3.33333292659055 -0.5 0.0173545668880743 -0.1206254490508151 1
9 -3.015872887599593 -0.5 0.01405749932469868 -0.120618489479455 1
9 -2.698412659801115 -0.5 0.01134853784498913 -0.1206138114012466 1
9 -2.380952369861317 -0.5 0.009111438934024663 -0.1206106768433008 1
9 -2.063492060452425 -0.5 0.007251812102779243 -0.120608582690958 1
9 -1.746031745237071 -0.5 0.005692008648416446 -0.1206071888133385 1
9 -1.428571428373272 -0.5 0.00436729648539924 -0.1206062669450006 1
9 -1.111111111063991 -0.5 0.003222881514830385 -0.1206056652470415 1
9 -0.7936507936401116 -0.5 0.002211500820212047 -0.1206052842175395 1
9 -0.4761904761881848 -0.5 0.001291408036430043 -0.1206050606736506 1
9 -0.1587301587297776 -0.5 0.0004246260748276954 -0.1206049574812148 1
9 0.1587301587297738 -0.5 -0.0004246260748276726 -0.1206049574812148 1
9 0.4761904761881832 -0.5 -0.001291408036430043 -0.1206050606736506 1
9 0.7936507936401105 -0.5 -0.002211500820212093 -0.1206052842175395 1
9 1.11111111106399 -0.5 -0.003222881514830385 -0.1206056652470415 1
9 1.42857142837327 -0.5 -0.00436729648539924 -0.1206062669450006 1
9 1.74603174523707 -0.5 -0.005692008648416446 -0.1206071888133385 1
9 2.063492060452423 -0.5 -0.007251812102779243 -0.120608582690958 1
9 2.380952369861317 -0.5 -0.009111438934024663 -0.1206106768433008 1
9 2.698412659801114 -0.5 -0.01134853784498913 -0.1206138114012466 1
9 3.015872887599592 -0.5 -0.01405749932469868 -0.120618489479455 1
9 3.33333292659055 -0.5 -0.0173545668880743 -0.1206254490508151 1
9 3.65079241948835 -0.5 -0.02138495872825681 -0.1206357591184933 1
9 3.968250408801351 -0.5 -0.02633321123760852 -0.1206509247978257 1
9 4.285704457092012 -0.5 -0.03243877267503323 -0.1206727933315216 1
9 4.603148671687824 -0.5 -0.04002020157849451 -0.1207009297551455 1
9 4.920569526984589 -0.5 -0.04951339239283253 -0.1207011685956113 1
9 5.237937556233475 -0.5 -0.06153262292048046 -0.1202502435901407 1
9 5.555191850610738 -0.5 -0.07697375419404509 -0.114595631407754 1
9 5.872213008193711 -0.5 -0.09727202169861959 -0.05190260172289324 1
9 6.18877915966629 -0.5 -0.125971864749832 0.294362026140957 1
9 6.504499770660901 -0.5 -0.1750424114478238 0.3566615176080633 1
9 6.818724184044703 -0.5 -0.2506728805014786 0.4645067389264458 1
9 7.130427358115277 -0.5 -0.3599351034617134 0.6253716611924659 1
9 7.438084293516169 -0.5 -0.5126385911590896 0.8517741537431879 1
9 7.739556021137678 -0.5 0 0 0
9 8.032020532551993 -0.5 0 0 0
9 8.311986805716737 -0.5 0 0 0
9 8.575424139654604 -0.5 0 0 0
9 8.818019769398202 -0.5 0 0 0
9 9.035547350993609 -0.5 0 0 0
9 9.224295109195648 -0.5 0 0 0
9 9.38147665648213 -0.5 0 0 0
9 9.505540546309591 -0.5 0 0 0
9 9.596311728323951 -0.5 0 0 0
9 9.654935696880509 -0.5 0 0 0
9 9.683642677650328 -0.5 0 0 0
9 9.685389545806959 -0.5 0 0 0
9 9.663458860170806 -0.5 0 0 0
9 9.621092517954624 -0.5 0 0 0
9 nan nan 0 0 0
9 nan nan 0 0 0
9 nan nan 0 0 0
9 nan nan 0 0 0
9 nan nan 0 0 0
9 nan nan 0 0 0
9 nan nan 0 0 0
9 nan nan 0 0 0
9 nan nan 0 0 0
9 nan nan 0 0 0
9 nan nan 0 0 0
9 nan nan 0 0 0
9 nan nan 0 0 0
9 nan nan 0 0 0
9 nan nan 0 0 0
9 nan nan 0 0 0
9 nan nan 0 0 0
9 nan nan 0 0 0
9 nan nan 0 0 0
9 nan nan 0 0 0
9 nan nan 0 0 0
9 nan nan 0 0 0
9 nan nan 0 0 0
9 nan nan 0 0 0
9 nan nan 0 0 0
9 nan nan 0 0 0
9 nan nan 0 0 0
9 nan nan 0 0 0
9 nan nan 0 0 0
9 nan nan 0 0 0
9 nan nan 0 0 0
9 nan nan 0 0 0
9 nan nan 0 0 0
9 nan nan 0 0 0
9 nan nan 0 0 0
9 nan nan 0 0 0
9 nan nan 0 0 0
9 nan nan 0 0 0
9 nan nan 0 0 0
9 nan nan 0 0 0
9 nan nan 0 0 0
9 nan nan 0 0 0
9 nan nan 0 0 0
9 nan nan 0 0 0
9 nan nan 0 0 0
9 nan nan 0 0 0
9 nan nan 0 0 0
9 nan nan 0 0 0
9 nan nan 0 0 0
9 nan nan 0 0 0
9 nan nan 0 0 0
9 nan nan 0 0 0
9 nan nan 0 0 0
9 nan nan 0 0 0
9 nan nan 0 0 0
9 nan nan 0 0 0
9 nan nan 0 0 0
9 nan nan 0 0 0
9 nan nan 0 0 0
9 nan nan 0 0 0
9 nan nan 0 0 0
9 nan nan 0 0 0
9 nan nan 0 0 0
9 nan nan 0 0 0
9 nan nan 0 0 0
9 nan nan 0 0 0
9 nan nan 0 0 0
9 nan nan 0 0 0
9 nan nan 0 0 0
9 nan nan 0 0 0
9 nan nan 0 0 0
9 nan nan 0 0 0
9 nan nan 0 0 0
9 nan nan 0 0 0
9 nan nan 0 0 0
9 nan nan 0 0 0
9 nan nan 0 0 0
9 nan nan 0 0 0
9 nan nan 0 0 0
9 nan nan 0 0 0
9 nan nan 0 0 0
9 nan nan 0 0 0
9 nan nan 0 0 0
9 nan nan 0 0 0
9 -9.621092517954628 -0.5 0 0 0
9 -9.663458860170806 -0.5 0 0 0
9 -9.685389545806963 -0.5 0 0 0
9 -9.683642677650326 -0.5 0 0 0
9 -9.654935696880512 -0.5 0 0 0
9 -9.596311728323947 -0.5 0 0 0
9 -9.505540546309593 -0.5 0 0 0
9 -9.381476656482127 -0.5 0 0 0
